0.	1.570796327
0.1268999688	1.577178129
0.1788652762	1.583591107
0.2183329998	1.590035213
0.2512665712	1.596510394
0.2799845012	1.603016593
0.3056801634	1.609553749
0.3290650252	1.616121799
0.3506043232	1.622720675
0.3706223896	1.629350307
0.3893562404	1.63601062
0.4069854722	1.642701536
0.4236501426	1.649422973
0.4394620614	1.656174846
0.4545122382	1.662957068
0.4688759764	1.669769547
0.4826164636	1.676612187
0.4957873688	1.683484891
0.508434763	1.690387556
0.5205985656	1.697320079
0.5323136566	1.704282351
0.543610739	1.711274262
0.554517022	1.718295697
0.5650567646	1.725346539
0.5752517154	1.732426669
0.585121471	1.739535964
0.5946837712	1.746674297
0.603954743	1.753841541
0.612949105	1.761037564
0.62168034	1.768262232
0.6301608402	1.775515408
0.6384020318	1.782796954
0.6464144812	1.790106727
0.6542079864	1.797444584
0.661791657	1.804810378
0.6691739834	1.81220396
0.676362896	1.819625179
0.6833658186	1.827073881
0.6901897158	1.834549911
0.6968411326	1.842053113
0.703326232	1.849583325
0.7096508264	1.857140386
0.7158204076	1.864724134
0.7218401718	1.872334403
0.7277150428	1.879971025
0.7334496938	1.887633832
0.7390485646	1.895322654
0.7445158802	1.90303732
0.7498556646	1.910777654
0.7550717562	1.918543484
0.7601678196	1.926334632
0.7651473576	1.934150921
0.7700137212	1.941992172
0.77477012	1.949858206
0.7794196308	1.957748842
0.7839652052	1.965663896
0.7884096778	1.973603187
0.7927557728	1.981566531
0.7970061102	1.989553742
0.8011632119	1.997564635
0.8052295069	2.005599023
0.8092073367	2.01365672
0.8130989595	2.021737537
0.8169065548	2.029841287
0.8206322275	2.037967781
0.8242780113	2.046116829
0.8278458724	2.054288242
0.8313377132	2.06248183
0.8347553744	2.070697402
0.8381006389	2.078934768
0.8413752335	2.087193738
0.8445808319	2.095474121
0.8477190573	2.103775725
0.8507914842	2.11209836
0.8537996403	2.120441835
0.8567450092	2.12880596
0.8596290313	2.137190542
0.8624531064	2.145595393
0.8652185947	2.154020321
0.8679268187	2.162465136
0.8705790645	2.170929649
0.8731765833	2.17941367
0.8757205926	2.18791701
0.8782122775	2.196439481
0.8806527918	2.204980893
0.8830432592	2.213541059
0.8853847745	2.222119793
0.8876784042	2.230716907
0.8899251879	2.239332215
0.8921261389	2.247965531
0.8942822453	2.256616672
0.8963944706	2.265285453
0.8984637547	2.27397169
0.9004910146	2.282675201
0.9024771451	2.291395804
0.9044230195	2.300133319
0.90632949	2.308887563
0.908197389	2.31765836
0.9100275289	2.32644553
0.9118207033	2.335248895
0.9135776875	2.344068279
0.9152992382	2.352903506
0.9169860954	2.361754402
0.9186389819	2.370620793
0.920258604	2.379502507
0.9218456519	2.388399371
0.9234008005	2.397311216
0.9249247095	2.406237871
0.9264180236	2.415179169
0.9278813734	2.424134941
0.9293153757	2.433105023
0.9307206334	2.442089249
0.9320977362	2.451087455
0.933447261	2.460099478
0.9347697722	2.469125157
0.9360658218	2.478164332
0.9373359499	2.487216843
0.9385806849	2.496282533
0.9398005439	2.505361244
0.9409960329	2.51445282
0.9421676472	2.523557109
0.9433158714	2.532673958
0.9444411797	2.541803212
0.9455440366	2.550944723
0.9466248964	2.560098341
0.9476842041	2.569263918
0.9487223953	2.578441308
0.9497398962	2.587630364
0.9507371244	2.596830942
0.9517144886	2.6060429
0.952672389	2.615266095
0.9536112176	2.624500388
0.954531358	2.633745639
0.9554331861	2.643001711
0.9563170698	2.652268465
0.9571833696	2.661545769
0.9580324385	2.670833487
0.9588646221	2.680131486
0.9596802591	2.689439636
0.960479681	2.698757804
0.9612632128	2.708085865
0.9620311726	2.717423688
0.9627838721	2.726771149
0.9635216166	2.736128122
0.9642447051	2.745494481
0.9649534307	2.754870107
0.9656480805	2.764254877
0.9663289355	2.773648671
0.9669962712	2.783051369
0.9676503576	2.792462855
0.9682914591	2.801883014
0.9689198346	2.811311727
0.9695357381	2.820748883
0.9701394181	2.830194367
0.9707311184	2.83964807
0.9713110778	2.849109883
0.97187953	2.858579693
0.9724367043	2.868057393
0.9729828253	2.877542878
0.9735181131	2.887036042
0.9740427834	2.896536782
0.9745570473	2.906044992
0.975061112	2.915560572
0.9755551804	2.925083422
0.9760394512	2.934613439
0.9765141194	2.944150528
0.9769793759	2.953694591
0.9774354077	2.96324553
0.9778823982	2.972803251
0.9783205272	2.982367661
0.9787499706	2.991938665
0.9791709011	3.001516174
0.9795834878	3.011100095
0.9799878964	3.02069034
0.9803842893	3.030286819
0.9807728257	3.039889444
0.9811536617	3.049498133
0.98152695	3.059112794
0.9818928406	3.068733348
0.9822514802	3.078359709
0.9826030128	3.087991794
0.9829475795	3.097629526
0.9832853185	3.107272823
0.9836163652	3.116921603
0.9839408524	3.126575788
0.9842589103	3.136235303
0.9845706664	3.14590007
0.9848762458	3.155570017
0.9851757708	3.165245063
0.9854693618	3.174925144
0.9857571362	3.184610178
0.9860392094	3.194300096
0.9863156946	3.203994831
0.9865867026	3.213694313
0.9868523418	3.223398468
0.9871127188	3.233107231
0.9873679379	3.242820535
0.9876181013	3.252538311
0.9878633094	3.262260502
0.9881036602	3.271987032
0.9883392501	3.281717844
0.9885701735	3.291452876
0.9887965228	3.301192061
0.9890183888	3.310935345
0.9892358602	3.320682661
0.9894490241	3.330433949
0.989657966	3.340189156
0.9898627695	3.349948221
0.9900635166	3.359711087
0.9902602876	3.369477693
0.9904531615	3.379247994
0.9906422153	3.389021923
0.9908275248	3.398799433
0.9910091642	3.40858047
0.9911872062	3.418364981
0.991361722	3.428152909
0.9915327815	3.437944205
0.9917004533	3.447738826
0.9918648044	3.457536715
0.9920259005	3.467337818
0.9921838063	3.477142098
0.9923385849	3.486949503
0.9924902981	3.496759974
0.9926390069	3.506573484
0.9927847706	3.516389972
0.9929276477	3.526209405
0.9930676952	3.536031723
0.9932049693	3.545856895
0.9933395249	3.555684875
0.9934714158	3.565515615
0.9936006949	3.575349083
0.9937274137	3.585185219
0.9938516232	3.595024005
0.9939733728	3.604865376
0.9940927115	3.614709315
0.9942096869	3.624555769
0.9943243459	3.634404709
0.9944367342	3.64425608
0.994546897	3.654109865
0.9946548782	3.66396601
0.9947607212	3.673824497
0.9948644681	3.683685266
0.9949661606	3.6935483
0.9950658393	3.703413556
0.9951635441	3.713280999
0.9952593142	3.723150608
0.9953531877	3.733022326
0.9954452024	3.742896145
0.9955353949	3.75277201
0.9956238014	3.762649902
0.9957104573	3.772529792
0.9957953971	3.782411629
0.995878655	3.792295408
0.9959602642	3.802181086
0.9960402574	3.812068638
0.9961186665	3.821958024
0.996195523	3.83184923
0.9962708576	3.841742222
0.9963447004	3.851636966
0.9964170809	3.86153343
0.9964880282	3.871431605
0.9965575706	3.881331453
0.9966257359	3.891232944
0.9966925514	3.901136058
0.9967580439	3.911040778
0.9968222394	3.920947048
0.9968851638	3.930854879
0.9969468422	3.940764233
0.9970072992	3.950675074
0.9970665591	3.960587398
0.9971246455	3.970501164
0.9971815817	3.980416357
0.9972373905	3.990332961
0.9972920941	4.00025093
0.9973457146	4.010170281
0.9973982733	4.020090965
0.9974497912	4.030012956
0.997500289	4.03993625
0.9975497868	4.049860806
0.9975983045	4.059786623
0.9976458615	4.06971368
0.9976924768	4.079641952
0.997738169	4.08957141
0.9977829564	4.099502038
0.997826857	4.109433836
0.9978698883	4.119366772
0.9979120674	4.1293008
0.9979534114	4.139235957
0.9979939367	4.14917219
0.9980336596	4.159109506
0.9980725958	4.169047838
0.9981107611	4.178987227
0.9981481707	4.188927639
0.9981848394	4.198869013
0.9982207821	4.208811396
0.9982560131	4.21875475
0.9982905464	4.228699034
0.9983243959	4.238644257
0.9983575752	4.24859042
0.9983900975	4.258537488
0.9984219757	4.268485412
0.9984532228	4.278434254
0.9984838511	4.288383938
0.9985138729	4.298334464
0.9985433002	4.308285815
0.9985721449	4.318238021
0.9986004183	4.328190987
0.998628132	4.338144801
0.9986552968	4.348099348
0.9986819237	4.358054663
0.9987080234	4.368010753
0.9987336063	4.377967588
0.9987586826	4.387925146
0.9987832624	4.39788344
0.9988073554	4.407842405
0.9988309714	4.417802097
0.9988541198	4.427762486
0.9988768097	4.437723489
0.9988990504	4.447685195
0.9989208507	4.457647549
0.9989422193	4.467610532
0.9989631648	4.477574157
0.9989836955	4.487538375
0.9990038197	4.49750322
0.9990235454	4.507468656
0.9990428805	4.517434679
0.9990618328	4.527401312
0.9990804097	4.53736845
0.9990986189	4.547336229
0.9991164674	4.557304485
0.9991339625	4.567273294
0.9991511112	4.577242651
0.9991679204	4.587212572
0.9991843967	4.597182974
0.9992005467	4.607153853
0.9992163769	4.617125224
0.9992318937	4.627097122
0.9992471033	4.637069537
0.9992620116	4.647042338
0.9992766248	4.657015676
0.9992909486	4.666989444
0.9993049887	4.676963612
0.9993187509	4.686938304
0.9993322405	4.696913364
0.9993454631	4.706888936
0.9993584238	4.716864872
0.9993711278	4.726841173
0.9993835803	4.736817924
0.9993957863	4.746795138
0.9994077505	4.756772658
0.9994194778	4.766750569
0.9994309729	4.776728873
0.9994422404	4.786707567
0.9994532848	4.796686639
0.9994641105	4.806666066
0.9994747218	4.816645814
0.999485123	4.826625926
0.9994953183	4.836606439
0.9995053117	4.84658727
0.9995151071	4.856568313
0.9995247087	4.866549849
0.9995341201	4.876531627
0.9995433451	4.886513674
0.9995523875	4.896496104
0.9995612508	4.906478785
0.9995699386	4.91646177
0.9995784544	4.926445084
0.9995868016	4.936428717
0.9995949835	4.946412617
0.9996030033	4.956396687
0.9996108644	4.966381162
0.9996185698	4.976365856
0.9996261226	4.986350785
0.9996335259	4.996336049
0.9996407826	5.006321565
0.9996478955	5.01630718
0.9996548677	5.02629325
0.9996617018	5.036279505
0.9996684005	5.046265886
0.9996749666	5.056252567
0.9996814027	5.066239507
0.9996877114	5.076226743
0.9996938951	5.086214075
0.9996999564	5.096201702
0.9997058976	5.106189412
0.9997117213	5.116177581
0.9997174296	5.126165815
0.9997230248	5.136154131
0.9997285093	5.146142817
0.9997338852	5.156131701
0.9997391546	5.166120686
0.9997443197	5.176109941
0.9997493825	5.186099337
0.9997543451	5.19608902
0.9997592094	5.206078815
0.9997639773	5.216068619
0.9997686509	5.226058834
0.9997732319	5.2360491
0.9997777222	5.246039556
0.9997821236	5.25603021
0.9997864379	5.266021153
0.9997906667	5.27601209
0.9997948117	5.286003029
0.9997988747	5.295994309
0.9998028573	5.305985876
0.999806761	5.315977494
0.9998105874	5.325969256
0.999814338	5.335961077
0.9998180143	5.345952949
0.9998216179	5.355945225
0.9998251501	5.365937516
0.9998286124	5.375930065
0.9998320061	5.385922625
0.9998353326	5.395915314
0.9998385932	5.405908036
0.9998417893	5.415901086
0.9998449221	5.425894219
0.9998479928	5.435887257
0.9998510027	5.445880424
0.9998539531	5.455874049
0.999856845	5.46586752
0.9998596797	5.475861329
0.9998624582	5.485855001
0.9998651817	5.495848847
0.9998678513	5.50584291
0.999870468	5.515836932
0.9998730329	5.525831113
0.999875547	5.535825348
0.9998780114	5.545820021
0.9998804269	5.555814373
0.9998827946	5.565808948
0.9998851154	5.575803546
0.9998873903	5.585798479
0.9998896201	5.595793263
0.9998918058	5.605788381
0.9998939482	5.615783495
0.9998960481	5.625778324
0.9998981065	5.635773628
0.9999001242	5.645769314
0.9999021018	5.655764341
0.9999040403	5.665759749
0.9999059405	5.675755686
0.999907803	5.685751311
0.9999096286	5.695746903
0.9999114181	5.705742845
0.9999131721	5.715738488
0.9999148914	5.725734385
0.9999165767	5.735730619
0.9999182286	5.745726752
0.9999198478	5.755723017
0.9999214349	5.765719112
0.9999229906	5.775715445
0.9999245155	5.785711877
0.9999260102	5.795708343
0.9999274753	5.805704852
0.9999289113	5.815700798
0.999930319	5.825697759
0.9999316988	5.8356946
0.9999330512	5.845690921
0.9999343769	5.855687895
0.9999356763	5.865684547
0.99993695	5.875681488
0.9999381985	5.885678654
0.9999394222	5.895675235
0.9999406218	5.905672963
0.9999417975	5.915669499
0.99994295	5.92566678
0.9999440797	5.935664301
0.999945187	5.945661601
0.9999462723	5.955658262
0.9999473362	5.965655815
0.999948379	5.975653097
0.9999494012	5.985650904
0.9999504031	5.995648168
0.9999513852	6.005645873
0.9999523478	6.015643067
0.9999532914	6.025640947
0.9999542163	6.035638705
0.9999551229	6.045636665
0.9999560115	6.055634124
0.9999568825	6.065631565
0.9999577363	6.075629593
0.9999585732	6.08562774
0.9999593935	6.095625584
0.9999601976	6.105624003
0.9999609857	6.115621472
0.9999617582	6.125619038
0.9999625155	6.135617917
0.9999632577	6.145615427
0.9999639853	6.155614299
0.9999646984	6.165611908
0.9999653974	6.175609834
0.9999660826	6.185608392
0.9999667542	6.195606506
0.9999674125	6.205604626
0.9999680578	6.215603325
0.9999686903	6.225601707
0.9999693103	6.235600515
0.999969918	6.245598977
0.9999705136	6.255596336
0.9999710975	6.265595322
